6.418750325562953092e-04 9.890766199363044686e-01 -3.788103108262761420e-01 3.225912811506297939e-01 8.938612352574589748e-01 -9.272652884340392143e-01 -3.439408913179094474e-01 8.568969243663031587e-01 -1.658425951181057290e+00 -2.967316277562399573e+00
6.496029472031610297e-01 -4.674744658236931749e-01 -2.029800282555508928e-01 -2.241185342310846318e-01 -4.540846322317488859e-01 2.028220883541503650e+00 -3.401527268961941353e-01 6.009380257664653779e-01 -7.502941902624437054e-01 -4.882941196385539029e-01
1.728402377728018302e-01 2.117499077330963431e+00 -1.660575276028385172e+00 -1.161979939087452340e+00 -1.450915312342563990e+00 8.785884484912495074e-01 -1.806389376876649799e-01 -1.434446747529288579e+00 -1.138103814620075704e+00 1.610742542805779776e+00
-1.335827923715878551e+00 7.172751112018949105e-02 -6.277128646223782971e-01 -1.009265457792139165e+00 -4.372139462406750554e-01 -2.501429284540636622e-01 7.145787517057564653e-01 -2.949307633969781572e-01 -9.879421843655931956e-02 -5.064090373327828631e-01
-1.373513953661190223e+00 -9.868762179361725839e-02 -4.039798423278310735e-01 3.041039916666603116e+00 -3.780853635749809594e-01 3.850285765586302755e+00 -2.319378914739691488e+00 -2.297473662959044483e-01 -2.144840946481507249e+00 3.592218362728187286e-01
-5.141187591907449006e-01 6.583405106449338184e-01 -7.237679379566160920e-01 9.668981198719931447e-01 -8.895563375339653189e-02 2.522276246311731529e-01 5.024310239190619143e-01 4.104755310913180133e-01 7.797809831731450370e-01 7.110368387733319029e-01
-2.077354584463922960e-01 -4.394929016333656291e-01 -2.107685234738416180e-01 5.371551282623391321e-01 4.822679253808309086e-01 6.829369988817199921e-01 8.825002674239360578e-01 -9.793139490179862960e-01 2.778528727639555385e-01 -1.051073207125010400e+00
-1.072513208758723469e+00 -3.326178876270821760e+00 -1.537491536742732201e+00 1.578510832384103058e+00 -2.629693989132203757e+00 2.823657772690268963e+00 -1.495117250900377837e+00 3.987186834105864275e+00 -2.942251993648585362e+00 4.055732692302020048e+00
-6.739795373130554879e-01 -2.742918672595231921e+00 1.467518332090157029e+00 2.226196965708528985e+00 -4.743067171601696996e-01 1.859984496948790866e+00 -2.097733864920874325e+00 -6.402133690076294847e-01 -1.200053010650999008e+00 -2.309598824419963670e+00
-4.894950176590036617e-01 1.006208655620811188e+00 1.737637386163312314e+00 -3.012276654391417896e+00 1.259945173163524057e+00 -1.243906869882028143e+00 -2.612009963805066004e+00 -1.440696164442516913e+00 -4.109233613509970262e-04 9.493934482088209892e-01
4.040479460962745351e-01 -1.157630337827267430e+00 -3.229094109922662770e-01 -2.813414540119102636e+00 1.371111972439140354e-02 3.834443150126886080e-01 -2.182672980439835653e-01 -1.456576569920671194e+00 1.539569989521008653e+00 1.485806746040354120e+00
-9.016886467770414137e-01 -2.691765779462561792e+00 4.933536230026805747e+00 -3.061902153405465121e+00 -1.198548700112231913e+00 -9.177503183548707533e-01 1.307204212820404887e+00 -4.685253171063389899e-01 -3.119671193300614487e+00 -3.826948968862611267e-01
-1.695100608074906923e+00 3.751547927964868911e+00 8.938556396082357747e-01 -9.836911273465294148e-01 1.302533470726120690e+00 1.378109605584894926e+00 -1.486247036542960975e+00 2.671105054287226110e-01 -4.086308492078911669e+00 -2.093859530906103217e+00
1.828003545675468189e+00 -2.891717999059272515e+00 -1.282582010204664558e+00 -1.219133991052030463e+00 1.840777562584007709e+00 -1.326198740394235465e+00 2.652118971386843160e+00 -1.657531384366323302e+00 -3.064176935071908581e+00 2.028012021204984805e+00
-1.204308797865221381e+00 5.159466638298826346e-01 -1.081849545028495285e+00 1.579193193643335935e-01 -6.859046644277279059e-01 -1.691594801860588415e+00 -5.706622142413848575e-01 -6.057484812277196262e-01 -3.894930002276641989e-01 -1.714009684110306964e+00
-6.529365847319864580e-01 4.577200615691243146e-02 -1.432694019059615576e+00 -2.973281321105899003e-02 -1.548112592375195939e+00 -4.291211415335886570e-01 -6.467132652149197858e-01 -6.332846464946797482e-01 -1.787181223911496142e+00 3.742733198707020037e-01
-1.987794258608154507e+00 2.234060387455235830e+00 1.454018098275094428e-01 2.836331758502995903e+00 -8.185139496192984643e-01 -3.765870531700210133e+00 2.084476555367386741e+00 1.586361914017510477e+00 -1.657268878740405071e+00 -2.879115949500026250e+00
1.554290238528278412e+00 2.207898104013349183e+00 1.874478261834540360e+00 1.431612243401902074e+00 -1.788884228686165923e+00 -1.581976695536824407e+00 -3.950422303264269352e-01 -2.932008649752785079e+00 5.671604096838953613e-01 1.152603002514713371e+00
1.740555139265961060e+00 -2.140963663402086326e+00 2.650669952652757289e+00 9.039408879146203502e-01 1.989356359844176025e-01 2.859534090116178096e+00 3.424648564018600294e-01 -9.764360913657751384e-01 -1.540177819011682159e+00 -3.134875765424825822e+00
1.301146773435024606e-01 -1.074528014891696776e-01 7.725270297819052390e-01 1.226346396640571046e-01 2.608252020818811467e-01 -4.914812843284320776e-01 9.408096387491020618e-01 -9.880173114160052394e-01 -5.399671756959482094e-01 7.927782119101044467e-01
-7.102163660462715855e-01 -1.414726715441129601e+00 -4.629550557261737365e-01 3.589894695809205394e-01 3.676795324186691527e+00 -1.912949388541583806e+00 -1.298467615052674787e-03 -2.036213669938956361e+00 -4.293044229941448964e-01 -4.792968882821886933e-01
-1.503827935049682818e+00 -1.094600923091580524e+00 -2.606309675047940311e-01 -9.770242129336822456e-01 -3.672280582725274689e-01 -1.192144819805669886e+00 -7.343213008492374128e-01 -1.116325116541134532e+00 -3.522199719686167629e-01 -1.217092555977023149e+00
-5.680909748363012213e-01 -8.981273378727590018e-01 7.028425513531456614e-01 -4.229921511428835212e-01 4.147620758492681636e-01 -1.020240276922177759e-02 1.248360252086758437e-01 3.772262861619656293e-01 4.227448447406207538e-02 -7.277637849376387136e-01
-6.249518665337716605e-01 2.897527704048681874e-01 -1.347616480082088009e+00 -1.030539848697199279e+00 -9.513411893722755197e-01 -1.050902858309816779e+00 -1.170328374961994156e+00 -1.269355910614601068e+00 -2.384274187447556592e+00 -9.146393741585569226e-02
-1.323350849848533128e+00 6.850302986868509469e-01 -1.079132478679106111e+00 -7.114823871049690274e-01 6.746269104215946166e-01 -1.708891998762633202e+00 -3.475622177604961727e-01 -6.453420113381003187e-01 -1.593954501200887330e+00 -1.427343608632911875e+00
3.141982329639400051e-01 -2.445614211684234096e+00 5.509803742977686936e-01 1.337304218787434662e+00 -4.990459534535239272e-01 -7.335796975754447224e-01 -5.796772773222087505e-01 4.609391038469921875e-02 -3.988497952205611319e-01 1.065279491445427329e+00
-8.502818661923389199e-01 -1.249181047584412951e+00 -1.401546570206344100e+00 2.467312888804233495e+00 -2.456794254443603887e+00 -2.231700547569928972e+00 3.159095518836080307e-01 1.157555970538030277e+00 1.753299094916236367e+00 -2.196873438056169636e+00
-4.364496165147358830e+00 -6.038806801185572226e-01 -1.906707174970124485e-01 -3.123962204872809512e+00 8.148865269114822230e-01 3.595436007475890094e-01 2.768692294413793498e+00 1.287308780386495988e+00 1.317458443946288416e+00 5.557743260413756659e-01
-3.426849013771416708e+00 3.111572605290024995e-01 5.428029398605177525e-01 -6.649813091034658674e-01 -1.995271044207329592e+00 -9.278921881852830733e-01 -1.706932437760835919e+00 1.096483887088484543e+00 4.864909475552936513e+00 1.036677571317333069e+00
-5.639170912455639950e-01 -8.302967900307611782e-01 -1.342467691018563558e+00 -6.044844054244847831e-01 9.119907889886315067e-01 2.109511473167821616e-01 -2.537550237683405374e+00 1.893349121464461549e+00 1.760290216806167096e-01 -9.778939615156423404e-01
5.981753912335235901e-01 -1.133167252240580902e+00 -2.021751254566295675e+00 -1.347092393663966270e+00 1.149149305272923360e+00 -3.359574287000615667e-01 -1.229220128124469236e+00 6.752015600526056760e-01 -1.834278090333737454e+00 2.884440652623007306e+00
2.108697062205424633e-01 -1.533653556150819663e-01 -6.508331942599900888e-01 -3.503908781074597800e-01 -2.907416345960496806e-01 -6.578645958344341294e-01 3.680243107347100917e-01 6.935428051390145343e-02 -9.946316968763923017e-01 -9.871295836619747854e-01
2.022304057137530364e+00 1.350852804540399466e-01 -1.053688836244060623e+00 -3.299422128205351967e+00 -7.644572349142806367e-01 2.575216191644552843e+00 5.842142133270326054e-01 8.719003167884525896e-01 2.725375505893544936e+00 -4.279034387177546250e+00
2.147799358434662409e+00 -1.023491639151321797e+00 3.035066784936048534e-01 -2.229377025144661850e+00 4.919972172638777397e-01 -3.496699524922782132e+00 -3.781560534154041253e+00 1.244884806776044073e+00 2.731441294025057864e+00 1.425491656186519185e+00
8.369194080496727972e-01 1.441348553690613210e+00 -6.363080003127997708e-01 -4.234072850737319316e-01 -2.916556339253339458e-01 -1.537668454642676652e-01 -4.140109865886330565e-01 -8.693061975721065870e-01 -1.385824501188654523e+00 1.243062328517987147e+00
7.106418716386661005e-01 -2.266162431583237158e+00 -2.484191642156977631e-01 2.042450462295625435e+00 -2.327774767525841781e+00 2.635825178576967076e+00 1.335500377275935513e+00 -4.366806203329900882e+00 3.824481816658976907e+00 -9.401033004877841215e-01
-8.267195990421842555e-02 -2.240984790218893075e+00 -6.521108677835132372e-01 6.464806485401723979e-01 -7.666256023443249745e-01 -4.879412701801614793e-01 5.829654805420090291e-01 -1.216123077460522950e+00 9.374879598683948378e-01 7.253076055583976833e-01
